Open,High,Low,Close,Volume,Dividends,Stock Splits,Moving_Average,RSI,EMA_12,EMA_26,MACD,Signal_Line,Close_STD,MA,Upper_Band,Lower_Band
227.09015412184934,229.19783588273827,225.56183678133013,226.2211151123047,54146000,0.0,0.0,,,226.2211151123047,226.2211151123047,0.0,0.0,,,,
228.39870925768025,229.09795215651428,225.48192014495527,227.1201171875,43556100,0.0,0.0,,,226.3594231238732,226.28770785861545,0.07171526525775107,0.014343053051550215,,,,
224.6827959331431,227.04020291666632,223.77380760174057,226.1212158203125,42308700,0.0,0.0,,,226.32277584640232,226.27537511503743,0.047400731364888316,0.020954588714217834,,,,
227.05019905798116,228.24887720276465,225.16227678839184,227.26995849609375,36636700,0.0,0.0,,,226.46849625404715,226.34904795807864,0.11944829596851037,0.04065333016507634,,,,
228.20893469195548,229.26776733886913,227.05020584581527,227.53965759277344,34026000,0.0,0.0,226.8544128417969,,226.6332903061589,226.43724126435234,0.19604904180656035,0.07173247249337315,,,,
229.78718847660608,232.7439422607422,229.39761768078608,232.7439422607422,54541900,0.0,0.0,228.1589782714844,,227.57339060686402,226.90440430112196,0.6689863057420666,0.19118323914311186,,,,
229.2677705196639,229.3976172900359,223.49412373913023,225.96141052246094,63285000,0.0,0.0,227.92723693847657,,227.325393670802,226.83455291011,0.4908407606919809,0.2511147434528857,,,,
225.64175566026316,227.12012493395358,222.77491454853467,226.53077697753906,32880600,0.0,0.0,228.00914916992187,,227.20314494876152,226.81205098917883,0.39109395958269033,0.27911058667884664,,,,
224.8925655126969,226.56072831643584,223.0745736591087,225.42198181152344,34044200,0.0,0.0,227.63955383300782,,226.9291198507249,226.7090829019451,0.22003694877980706,0.26729585909903875,,,,
227.6495326914976,227.74942888869526,223.88368688105714,226.55075073242188,37245100,0.0,0.0,227.4417724609375,,226.8709092171398,226.69735459309152,0.17355462404827904,0.24854761208888682,,,,
224.25327473060864,225.44196936055414,221.08676038639473,221.4463653564453,39505400,0.0,0.0,225.18225708007813,,226.03636400780218,226.30839242741402,-0.27202841961184276,0.14443240574874092,,,,
224.05349542674807,225.73164177618557,223.0046463373399,225.52188110351562,31855700,0.0,0.0,225.09435119628907,,225.95721279175808,226.25013232934745,-0.29291953758936984,0.05696201708111877,,,,
224.9824739985636,229.49751090746852,224.58291968465133,229.28773498535156,33591100,0.0,0.0,225.64574279785157,,226.4696008215417,226.4751399334959,-0.005539111954220743,0.044461791274050866,,,,
227.5296744960524,229.24778548023318,226.9203442604764,228.7882843017578,28183500,0.0,0.0,226.31900329589843,54.06773087918423,226.82632135695957,226.64648396077456,0.1798373961850075,0.0715369122562422,,,,
229.04800351672907,229.15788323697032,227.09015084025384,227.2999267578125,31759200,0.0,0.0,226.46883850097657,51.63240360758404,226.89918372632155,226.6948871309255,0.20429659539604472,0.09808884888420272,,,,
228.44865815944695,231.47532700331138,228.34877720356226,231.04580688476562,39882100,0.0,0.0,228.38872680664062,55.468976524176895,227.53712575069756,227.0171774830618,0.5199482676357547,0.18246073263451312,,,,
233.3532605949055,237.22900130875718,232.11461788171079,233.59300231933594,64751400,0.0,0.0,230.0029510498047,59.978659849991296,228.4687990689496,227.5042756190821,0.9645234498674995,0.3388732760811104,,,,
231.34547369396782,231.86489123072647,229.5873982094942,231.5252685546875,34082200,0.0,0.0,230.45045776367186,55.5468613877377,228.93902514367852,227.80212694764546,1.1368981960330586,0.4984782600715001,,,,
233.17345903647427,233.59301088010824,230.26666863657624,231.89486694335938,32993800,0.0,0.0,231.0717742919922,55.66233462216782,229.3937700359371,228.1052928732539,1.2884771626832219,0.6564780405938445,,,,
235.9204255737285,235.9204255737285,233.75281228137578,234.74172973632812,46431500,0.0,0.0,232.5601348876953,52.76699597484053,230.2165330667665,228.5968807890372,1.6196522777293012,0.849112888020936,3.317039139117148,228.33128967285157,234.96536795108585,221.69721139461728
234.19234018879644,236.5897117727769,234.19234018879644,236.22010803222656,36254500,0.0,0.0,233.5949951171875,66.65581571416112,231.1401599845296,229.16156428853267,1.9785956959969155,1.075009449616132,3.712240420263091,228.83123931884765,236.25572015937382,221.40675847832148
233.6329632952546,235.96040454410334,232.3443876620224,235.60079956054688,38846600,0.0,0.0,233.99655456542968,64.70206462534051,231.8264122269938,229.63854467905225,2.1878675479415506,1.2975810692812157,3.9811183172362705,229.2552734375,237.21751007197253,221.29303680302746
233.822752128634,234.88158476901867,227.50969037853835,230.5063934326172,52287000,0.0,0.0,233.79277954101562,57.29854165845281,231.62333241247433,229.7028297719089,1.9205026405654166,1.422165383538056,3.9197089917533368,229.47453231811522,237.3139503016219,221.63511433460855
229.7272566761152,230.56634513279107,228.15898997077215,230.31661987304688,31109500,0.0,0.0,233.4771301269531,55.555575564831855,231.4222997141009,229.74829570532654,1.6740040087743466,1.4725331085853144,3.8886008270919574,229.6268653869629,237.40406704114682,221.84966373277896
229.4875225740561,232.96369380669327,229.3177112321018,231.1556854248047,38802300,0.0,0.0,232.75992126464843,66.38572149603948,231.38128213113225,229.85254679565827,1.528735335473982,1.4837735539630479,3.870469731621903,229.80766677856445,237.54860624180827,222.06672731532063
233.06359498314518,234.472033847566,232.29443692443334,233.14349365234375,36087100,0.0,0.0,232.14459838867188,63.83751468274196,231.65239159593403,230.09632063689423,1.5560709590398005,1.4982330349783983,3.887417137945727,229.82764434814453,237.602478624036,222.05281007225307
232.84382710997653,234.07247106119948,232.06468555632105,233.41319274902344,35417200,0.0,0.0,231.7070770263672,58.579147511353575,231.9232840810247,230.3420148674223,1.5812692136023827,1.5148402707031954,3.854322034083903,230.20023345947266,237.90887752764047,222.49158939130484
232.35435817157438,233.21341362628857,229.29772360355057,229.8471221923828,47070900,0.0,0.0,231.57522277832032,51.952844896971335,231.60387455969519,230.3053561507527,1.298518408942499,1.4715758983510563,3.7582893499500365,230.36605072021484,237.8826294201149,222.84947202031478
229.08795100904055,229.57741798472995,225.1223128313268,225.66172790527344,64370100,0.0,0.0,230.6442443847656,47.25200581742083,230.6896981513226,229.9613836881246,0.7283144631979894,1.322923611320443,3.7420371582786527,230.37803802490234,237.86211234145964,222.89396370834504
220.72715344034327,225.10234466312102,220.02792579428782,222.66502380371094,65276700,0.0,0.0,228.94611206054688,35.579214900661384,229.45513286707464,229.42091258557545,0.03422028149918788,1.065182945356192,4.040202681560718,230.1837516784668,238.26415704158822,222.10334631534536
220.74713841963055,222.54514803369162,219.46854635353304,221.76600646972656,44944500,0.0,0.0,226.67061462402344,28.425623354283445,228.27219034440571,228.85388250291996,-0.5816921585142438,0.735807924582105,4.00429323937166,230.19973373413086,238.20832021287418,222.19114725538753
221.5562414690178,223.70387248945224,220.896963160989,223.2044219970703,28111300,0.0,0.0,224.6288604736328,34.46473023844402,227.4925336755849,228.4354039469311,-0.9428702713462087,0.40007228539644224,4.176604468377044,230.0838607788086,238.4370697155627,221.7306518420545
222.36535526416637,225.82155947797517,220.94691765378838,222.47523498535156,54561100,0.0,0.0,223.15448303222655,32.64627782934613,226.72064156939516,227.99390994977705,-1.273268380381893,0.06540415224077517,4.50948319593175,229.74323577880858,238.76220217067208,220.72426938694508
224.38313701629485,227.629565273657,224.32320539488208,227.22999572753906,42137700,0.0,0.0,223.4681365966797,37.07013067785758,226.79900374757113,227.93732371109274,-1.1383199635216101,-0.17534067091170188,4.540208465311178,229.66532135009766,238.74573828072002,220.5849044194753
227.1699981689453,228.66000366210938,226.41000366210938,226.9600067138672,38328800,0.25,0.0,224.32713317871094,33.36883172119863,226.8237734346936,227.86492985944642,-1.0411564247528133,-0.3485038216799242,4.5501545588737935,229.6483253479004,238.748634465648,220.5480162301528
225.0,225.6999969482422,221.5,224.22999572753906,42005600,0.0,0.0,224.81993103027344,31.0172134726361,226.42473071051597,227.59567547930513,-1.1709447687891554,-0.5129920111017705,4.6929779616696035,229.30753479003906,238.69349071337825,219.92157886669986
224.5500030517578,225.58999633789062,223.36000061035156,224.22999572753906,40398300,0.0,0.0,225.0250457763672,37.3744287752401,226.08707917467336,227.3463658680632,-1.2592866933898392,-0.6622509475593843,4.709954057158136,228.83938446044922,238.25929257476548,219.41947634613297
224.00999450683594,226.64999389648438,222.75999450683594,225.1199951171875,48566200,0.0,0.0,225.5539978027344,39.832915981529055,225.93829701198322,227.18144951614647,-1.2431525041632483,-0.7784312588801572,4.735410750365667,228.5191207885742,237.98994228930556,219.04829928784287
225.02000427246094,228.8699951171875,225.0,228.22000122070312,44923900,0.0,0.0,225.7519989013672,44.72323107987356,226.28932842870938,227.25837927203955,-0.9690508433301659,-0.816555175770159,4.668352369267446,228.33537750244142,237.6720822409763,218.99867276390654
226.39999389648438,226.9199981689453,224.27000427246094,225.0,47923700,0.0,0.0,225.35999755859376,35.98330052128091,226.09097020890795,227.09109191855512,-1.0001217096471748,-0.8532684825455622,4.468692804599088,227.848291015625,236.78567662482317,218.91090540642682
225.25,229.74000549316406,225.1699981689453,228.02000427246094,44686000,0.0,0.0,226.1179992675781,41.520026717645166,226.38774468022376,227.15990024106668,-0.7721555608429185,-0.8370458982050335,4.013104668033183,227.43828582763672,235.46449516370308,219.41207649157036
226.97999572753906,230.16000366210938,226.66000366210938,228.27999877929688,36211800,0.0,0.0,226.9279998779297,47.25003199723244,226.67886069546577,227.2428705031578,-0.564009807692031,-0.782438680102433,3.5347695265024175,227.0722457885742,234.14178484157904,220.00270673556938
228.05999755859375,229.92999267578125,225.88999938964844,229.0,35169600,0.0,0.0,227.7040008544922,56.669050462706394,227.0359590500095,227.37302824366463,-0.33706919365513954,-0.6933647828129743,3.47325663731351,226.99692611694337,233.9434393915704,220.05041284231635
228.8800048828125,230.16000366210938,225.7100067138672,228.52000427246094,42108300,0.0,0.0,227.76400146484374,63.00448856033935,227.2642736996174,227.45798943098288,-0.19371573136547227,-0.593434972523474,3.4054502040799353,226.90709533691407,233.71799574507395,220.0961949287542
228.05999755859375,230.72000122070312,228.05999755859375,229.8699951171875,38168300,0.0,0.0,228.73800048828124,67.64624772653421,227.66515391770514,227.6366565188499,0.02849739885525082,-0.46904849824772904,3.33237972619505,226.8428108215332,233.50757027392328,220.1780513691431
231.4600067138672,233.25,229.74000549316406,232.8699951171875,90152800,0.0,0.0,229.70799865722657,69.7064026217007,228.46589871762552,228.02431122983785,0.44158748778767176,-0.2869213010406489,3.305616786769185,226.8291358947754,233.44036946831375,220.21790232123703
233.3300018310547,235.57000732421875,233.3300018310547,235.05999755859375,45986200,0.0,0.0,231.06399841308593,74.21566387952109,229.48037546238987,228.54547318011606,0.9349022822738107,-0.042556584377757,3.493427100648311,226.9114761352539,233.89833033655052,219.9246219339573
234.47000122070312,235.69000244140625,233.80999755859375,234.92999267578125,33498400,0.0,0.0,232.2499969482422,68.02433691062393,230.31877811060394,229.01840055016532,1.3003775604386192,0.22603024458551824,3.8815585337238288,227.16561965942384,234.9287367268715,219.40250259197617
234.80999755859375,237.80999755859375,233.97000122070312,237.3300018310547,28481400,0.0,0.0,234.01199645996093,72.07319275425772,231.39742791375022,229.6340747191201,1.7633531946301275,0.5334948345944401,4.475129989680242,227.7490333557129,236.69929333507338,218.79877337635241
237.27000427246094,240.7899932861328,237.16000366210938,239.58999633789062,48137100,0.0,0.0,235.95599670410155,83.36228879142061,232.6578230559257,230.37155039458457,2.2862726613411155,0.8840503999437752,5.0291125957950005,228.59528198242188,238.65350717401188,218.53705679083188
239.80999755859375,242.75999450683594,238.89999389648438,242.64999389648438,38861000,0.0,0.0,237.91199645996093,85.31441118806164,234.19508010831936,231.28106472805862,2.914015380260736,1.2900433960071673,5.664461571195387,229.63948135375978,240.96840449615055,218.310558211369
242.8699951171875,244.11000061035156,241.25,243.00999450683594,44383900,0.0,0.0,239.5019958496094,85.00977935972816,235.5512207850142,232.1498743413014,3.4013464437128107,1.712304005548296,6.187355403392534,230.62975997924804,243.0044707860331,218.25504917246298
243.99000549316406,244.5399932861328,242.1300048828125,243.0399932861328,40033900,0.0,0.0,241.12399597167968,82.96262206863877,236.70333963134016,232.95654981869632,3.74678981264384,2.119201166967405,6.463484963224184,231.65799789428712,244.5849678207355,218.73102796783874
242.91000366210938,244.6300048828125,242.0800018310547,242.83999633789062,36870600,0.0,0.0,242.2259948730469,95.8376263398493,237.64744066311715,233.68865696826626,3.9587836948508937,2.4871176725441027,6.8325937110215955,232.4384979248047,246.1036853468479,218.7733105027615
241.8300018310547,247.24000549316406,241.75,246.75,44649200,0.0,0.0,243.65799560546876,96.01966622602363,239.047834407253,234.6561638595058,4.3916705477471965,2.8680282475847214,7.406346615411346,233.42799758911133,248.24069081993403,218.61530435828863
246.88999938964844,248.2100067138672,245.33999633789062,247.77000427246094,36914800,0.0,0.0,244.68199768066407,96.16296762115414,240.38970669420806,235.62755944565063,4.762147248557426,3.2468520477792624,7.731033671303343,234.60499801635743,250.0670653589641,219.14293067375075
247.9600067138672,250.8000030517578,246.25999450683594,246.49000549316406,45205800,0.0,0.0,245.37799987792968,90.35534603373551,241.32821420173974,236.4321850787998,4.89602912293995,3.5766874628114005,7.7610568983265225,235.71799850463867,251.24011230129173,220.1958847079856
246.88999938964844,248.74000549316406,245.67999267578125,247.9600067138672,32777500,0.0,0.0,246.36200256347655,92.89496756329433,242.34848997283626,237.28609779250849,5.062392180327777,3.873828406314676,7.799837589772525,236.85999908447266,252.4596742640177,221.26032390492762
247.82000732421875,249.2899932861328,246.24000549316406,248.1300048828125,33155300,0.0,0.0,247.42000427246094,92.50465648562137,243.2379538051403,238.08935016956804,5.148603635572272,4.1287834521661955,7.908872158023252,237.85549926757812,253.67324358362464,222.0377549515316
247.99000549316406,251.3800048828125,247.64999389648438,251.0399932861328,51694800,0.0,0.0,248.2780029296875,92.473115211351,244.43826757144683,239.04865706709137,5.38961050435546,4.380948862604049,7.824112110435692,239.15749893188476,254.80572315275614,223.50927471101338
250.0800018310547,253.8300018310547,249.77999877929688,253.47999572753906,51356400,0.0,0.0,249.4200012207031,92.56007090683325,245.8293026723841,240.11764511601342,5.711657556370682,4.647090601357375,7.986163840783315,240.43049850463868,256.4028261862053,224.45817082307204
252.16000366210938,254.27999877929688,247.74000549316406,248.0500030517578,56774100,0.0,0.0,249.73200073242188,74.35043915767366,246.17094888459545,240.70522718532783,5.465721699267618,4.810816820939424,7.6181120657018315,241.41899871826172,256.6552228496654,226.18277458685805
247.5,252.0,247.08999633789062,249.7899932861328,60882300,0.0,0.0,250.097998046875,73.70625285957485,246.72772494637042,241.3781728224245,5.3495521239459265,4.918563881540725,7.243537327618733,242.45849838256837,256.94557303780584,227.9714237273309
248.0399932861328,255.0,245.69000244140625,254.49000549316406,146890100,0.0,0.0,251.3699981689453,75.94014003877392,247.92192195356944,242.3494196869237,5.572502266645728,5.0493515585617255,6.934510662507456,243.75699844360352,257.62601976861845,229.8879771185886
